spawns: 
  default: 
    world: world
    x: 0.42524432424530134
    y: 75.25
    z: -7.154030373432875
    yaw: 0.6003113
    pitch: -14.399952
